130,144,95,1.181854
188,142,98,1.725367
127,108,124,1.096851
158,100,160,4.978072
135,155,72,3.382813
128,170,93,5.735096
112,141,184,1.252122
156,170,98,1.780874
167,134,120,1.138985
131,169,126,1.084242
140,100,216,1.359375
187,69,110,1.712267
78,117,141,1.268535
140,128,106,1.059177
173,159,76,1.185825
124,133,96,1.234813
133,120,94,30.885169
87,60,200,3.816532
86,152,131,33.266800
113,99,171,2.880790
168,113,122,1.663877
152,93,117,1.578634
83,191,111,1.592841
171,29,205,2.063345
144,144,104,3.120855
149,144,96,9.749820
122,148,78,4.001072
92,176,127,1.819621
165,118,130,3.884008
117,189,63,4.806999
128,170,100,1.613294
90,175,140,1.782404
116,65,190,3.858814
125,97,132,1.175251
125,34,171,3.780247
135,111,96,3.409513
76,176,181,8.995961
71,127,149,3.666576
127,82,137,2.332476
119,158,121,1.634355
172,115,89,1.968221
93,111,125,1.095930
109,175,114,1.552000
149,95,134,2.087304
133,116,160,1.073352
171,106,82,1.154145
128,174,85,2.254034
65,133,176,1.352543
172,178,39,4.821996
190,93,80,3.726574
114,165,80,8.769161
129,180,48,49.593335
143,127,114,2.070985
129,106,130,1.766154
202,76,107,2.633568
154,147,103,1.323697
124,160,120,12.844225
161,150,103,1.583642
121,88,185,1.141764
81,89,234,13.491089
191,104,56,1.500200
122,69,198,1.586589
100,211,66,3.119113
128,190,77,2.730510
155,132,121,14.217470
144,123,144,2.060076
87,116,167,1.139843
157,83,143,2.848792
175,119,109,1.382021
129,121,169,2.631794
112,178,121,2.971027
91,141,167,1.929210
97,162,109,5.215532
162,129,58,2.564320
123,120,144,1.235795
146,117,109,5.205974
136,154,127,1.297562
123,159,84,1.193595
137,74,137,1.064468
110,198,92,3.468164
158,167,61,3.947888
100,193,99,1.157905
139,138,90,2.454090
89,80,166,4.320121
102,181,95,1.099539
89,120,186,1.327896
180,96,107,1.389765
94,107,168,1.337412
111,97,176,3.911139
107,139,175,1.064929
93,69,204,1.936281
116,145,152,1.129252
135,172,76,6.050632
204,142,63,5.480113
180,89,143,13.017782
63,231,75,3.058207
108,153,167,2.522074
161,141,131,2.379525
155,93,144,1.766391
84,159,149,1.400782
127,110,104,1.000018
100,126,172,1.119861
155,65,158,1.239961
170,114,103,6.831068
155,102,72,2.948530
103,130,123,2.807301
146,128,131,2.514382
132,112,130,1.528940
179,100,73,4.435790
169,140,75,4.210012
154,169,90,1.170268
121,79,199,3.447063
153,52,189,4.709650
115,153,119,14.738611
149,104,109,2.538271
173,82,124,1.151412
79,151,168,1.586038
59,228,111,2.185033
135,181,94,1.182244
142,136,116,1.187141
137,85,183,1.378350
139,105,143,1.944719
122,63,189,2.370129
76,160,132,4.301926
76,167,138,4.634479
152,92,153,1.932494
105,127,139,1.358515
71,140,126,51.002193
184,46,125,2.150034
94,61,220,5.910200
133,81,129,1.652677
143,96,159,3.886166
155,157,102,3.909335
133,160,96,4.532455
144,99,160,1.525469
87,143,179,2.846513
200,77,119,4.784506
177,106,103,1.548038
99,155,146,1.383510
162,142,50,1.099520
110,109,117,1.122549
186,135,92,10.566245
129,86,120,1.216239
160,69,113,2.726073
159,131,120,1.195659
96,99,137,1.357108
148,90,155,4.114803
154,148,89,2.309570
102,130,153,1.174302
148,124,116,18.068153
172,146,79,1.818569
104,164,106,7.085666
174,83,118,3.839523
152,64,181,8.598157
199,80,93,16.673614
136,150,166,1.181810
154,110,119,1.508812
129,191,67,48.780488
106,63,189,1.142652
180,78,133,1.905713
111,127,151,1.029213
138,95,133,1.749843
90,125,138,2.212203
91,133,166,1.289296
160,87,186,2.691754
155,92,113,1.664572
136,156,89,5.843408
90,219,103,1.640210
109,185,79,2.155015
86,167,111,1.519161
100,90,172,1.341769
133,135,117,2.844125
163,122,90,1.831314
109,145,122,1.604374
167,108,104,2.189482
127,133,136,1.321783
119,139,187,1.188274
114,135,129,1.149579
100,99,153,6.164392
158,116,103,4.423448
132,158,114,1.609275
123,151,132,1.057719
130,92,157,8.349964
122,81,177,1.148393
154,76,134,10.473836
87,128,148,1.085579
102,129,185,1.504909
118,154,81,3.316585
102,173,112,3.548377
150,90,132,1.172642
157,115,94,15.363579
111,99,128,1.490988
142,102,111,1.513040
155,130,105,1.456111
107,109,160,1.347611
85,133,217,2.130311
115,113,178,1.086178
151,89,152,1.724551
121,145,112,1.451107
58,180,132,39.125161
166,150,79,1.360916
103,97,179,2.539792
92,123,148,1.020093
135,58,162,3.267664
146,126,123,2.314499
128,93,168,3.669779
163,99,106,1.114524
164,157,55,76.722418
130,153,125,21.523428
139,135,119,1.130406
134,166,74,1.097122
111,127,153,1.160375
171,63,188,7.692012
140,58,179,3.067889
121,130,117,1.100992
129,135,128,5.086496
87,153,150,8.347454
91,146,104,1.181060
61,162,133,1.549835
135,144,108,1.783377
77,175,131,5.269620
168,114,90,7.431408
135,109,144,2.109518
131,118,166,1.048891
153,96,116,1.853280
92,117,172,12.223893
76,137,191,2.515571
151,121,153,2.065403
194,86,91,26.902693
138,132,169,2.630174
81,180,115,1.157385
156,77,114,2.759732
127,138,123,1.655881
78,152,140,9.371369
107,111,132,5.610570
101,177,86,1.671302
155,62,156,3.974294
109,196,84,3.886650
150,134,97,1.713899
92,167,180,1.827165
104,170,111,2.762416
79,157,137,1.468149
145,99,133,3.306375
96,100,186,3.296892
92,124,147,1.190811
91,173,119,1.941216
174,98,71,2.563478
114,109,141,2.404008
102,187,125,5.595251
147,147,128,1.394494
131,97,157,28.009635
169,125,74,4.708541
157,124,127,1.333556
83,100,179,4.392785
89,182,125,1.560652
136,70,183,1.757130
143,115,144,1.413110
89,204,85,6.572202
82,162,167,1.478284
76,151,109,1.251947
68,154,147,1.481613
149,102,169,1.105792
118,116,145,1.747995
101,164,148,4.169951
106,158,133,1.128250
192,79,110,1.439642
148,126,127,57.873720
130,131,114,1.152481
130,133,118,1.009689
171,116,105,1.266607
68,111,186,1.578487
105,101,201,1.445093
110,140,197,114.652603
153,131,99,2.302513
141,194,55,5.313920
169,117,68,1.162208
163,70,175,27.439359
93,182,117,5.617378
111,149,102,1.388389
114,127,151,3.535230
73,127,116,1.032412
161,101,112,1.669887
132,156,109,1.057621
214,86,102,1.340695
154,188,40,1.469639
83,153,128,3.572641
239,98,64,4.533318
85,136,168,2.575003
184,75,102,1.544926
162,64,162,2.125688
154,181,76,2.776451
179,45,127,56.066383
144,142,96,1.422273
128,122,140,1.351308
117,145,155,2.385229
61,141,151,8.250621
120,117,148,13.140950
151,81,162,23.327424
131,86,158,5.207791
144,150,127,1.249182
152,97,151,6.509145
128,156,112,4.773110
45,187,162,7.027012
121,138,129,1.427643
153,147,101,3.648663
104,77,162,5.059961
119,162,117,1.672562
119,127,127,1.073543
142,137,103,1.693165
156,132,66,2.598955
162,90,98,1.050265
59,178,155,20.719806
133,113,140,1.149828
129,92,116,18.623708
94,140,121,2.009885
159,118,100,1.897033
101,150,137,1.003739
139,137,163,1.619124
134,177,46,5.468246
84,134,169,2.957040
136,97,115,2.335936
55,200,117,1.823766
134,121,115,1.016097
132,170,76,1.690926
117,135,142,2.301771
67,135,149,1.524746
189,128,58,2.019398
128,64,164,1.030130
145,151,135,1.547063
86,141,180,1.177924
94,163,99,1.639691
59,144,180,1.401267
110,171,63,1.310327
68,153,164,1.693231
157,101,107,1.092561
122,76,182,1.872298
97,183,118,2.660240
119,147,136,2.097447
217,117,98,252.079657
107,134,120,1.103715
63,119,161,1.617147
145,155,82,2.422833
159,91,115,3.184460
135,118,109,1.164848
106,176,115,1.146404
171,73,118,15.328959
146,54,178,1.361480
168,89,122,4.319990
87,180,119,77.645780
85,133,140,1.119659
73,113,187,3.141828
118,135,160,1.016713
87,135,148,1.091516
154,132,120,3.987543
152,81,131,6.860969
125,117,131,1.129497
196,149,44,2.241117
121,161,121,1.654733
92,128,165,1.020238
140,137,79,1.198452
120,156,144,5.298097
152,122,104,2.859332
146,160,90,2.303182
110,111,126,15.805779
159,163,62,3.890975
109,124,116,4.895793
134,135,116,1.033920
132,75,134,3.049357
105,184,86,7.511286
116,163,125,1.228246
171,117,93,1.747971
127,130,97,9.509229
65,213,94,9.320620
70,124,168,1.119395
188,89,123,15.076589
88,83,198,2.712019
112,127,157,1.005932
213,100,74,4.126025
112,175,126,1.633837
119,181,93,8.184244
180,138,56,39.580447
145,108,133,2.161050
183,99,139,1.724745
145,159,109,1.419074
227,95,83,16.360721
105,107,175,1.268006
134,114,134,1.546326
152,72,142,7.123928
70,96,202,5.399335
147,158,125,1.881985
79,135,163,1.411122
16,180,142,22.227656
92,177,120,3.999424
107,117,155,1.546829
72,121,201,10.291560
133,154,96,7.283374
104,144,138,1.470828
47,117,177,5.235630
190,129,102,1.827475
104,139,96,1.047561
147,102,120,1.612914
76,170,156,2.424184
139,93,167,1.535282
150,125,105,4.474874
136,100,142,1.145759
183,54,147,2.869844
134,94,149,1.056061
69,193,151,5.441437
130,171,90,16.336132
108,173,81,2.591412
142,121,144,1.483272
175,116,61,5.574882
119,106,134,1.156765
162,146,82,1.357427
146,105,114,1.383049
115,153,139,1.430134
80,142,143,12.375012
204,39,119,483.091787
140,147,107,1.255556
157,133,119,1.696364
131,121,105,2.153423
160,138,77,5.895774
163,144,105,1.490866
194,75,97,2.703112
131,161,127,1.003302
117,104,144,2.485065
175,156,76,1.368347
150,151,80,3.366516
141,98,84,3.974310
81,128,195,1.623632
120,68,217,1.140728
149,136,99,1.068590
78,152,147,1.175346
134,185,95,2.724016
133,98,149,1.110846
151,100,151,2.657405
152,153,73,3.227972
109,132,160,1.281136
229,65,71,706.713781
104,128,118,1.828478
164,119,100,1.266586
76,104,169,1.145134
179,86,124,1.656811
168,89,125,19.316579
84,124,220,402.900886
119,153,124,1.071771
119,87,172,5.177538
116,105,150,2.175980
43,149,173,14.263707
103,67,183,2.887186
144,96,152,1.379925
110,146,59,2.228472
115,121,133,1.704733
124,133,102,1.494205
147,138,109,1.273449
97,171,155,4.789685
60,118,202,106.997646
208,145,64,3.812603
161,102,116,1.790526
150,187,62,1.745173
125,120,119,4.103052
162,91,106,10.941398
128,100,156,1.243467
188,125,75,2.760951
131,111,155,1.011011
112,139,167,1.028688
181,145,61,6.301991
164,117,101,21.687740
92,141,116,2.305401
108,182,75,1.733075
92,131,128,1.276068
161,140,109,6.269435
56,179,159,17.611525
102,61,188,2.468983
184,137,23,7.852807
179,150,59,40.718270
133,164,116,2.193651
141,175,73,6.525371
98,148,128,1.495470
173,160,64,4.312204
102,165,106,1.321821
179,137,68,3.238321
97,166,81,1.239147
93,143,166,1.652559
121,155,144,1.120111
142,183,85,1.211053
90,182,122,1.808632
118,149,121,2.111384
52,138,160,1.085458
124,132,140,2.565859
116,167,98,1.253731
83,137,165,1.188610
148,137,87,9.220329
102,149,99,1.193846
106,107,139,1.012634
62,126,200,15.632572
175,99,113,2.404528
115,107,142,50.400685
155,123,110,2.414287
102,116,161,2.017687
112,53,222,2.088524
174,105,135,2.427226
114,135,127,3.302117
158,90,166,1.919412
82,162,161,4.814961
206,57,127,12.688584
80,92,200,12.977575
120,119,120,1.169874
144,62,188,1.571833
178,96,120,2.366769
178,134,90,1.403365
105,140,117,13.289920
145,105,126,1.266583
114,123,140,2.819061
138,55,184,1.905550
121,126,128,1.000460
162,129,101,3.134895
94,147,160,36.897646
131,114,133,2.679923
113,133,160,3.350780
116,97,156,3.179448
53,178,186,2.339225
88,176,117,1.151359
169,74,126,1.530838
125,124,134,3.053706
187,81,120,42.898203
106,140,176,1.785443
153,106,118,1.728516
178,153,127,2.516812
118,123,156,4.434157
147,148,106,1.057860
127,181,69,2.415284
189,160,53,4.098579
132,155,84,2.111906
93,174,109,1.258823
138,153,55,1.012344
157,110,115,1.231739
89,118,178,1.186233
89,144,141,5.148191
138,124,136,2.112396
135,77,135,2.231660
98,148,157,1.690060
120,136,99,1.103676
97,159,117,1.078307
131,134,158,1.137186
109,149,159,2.250919
102,180,84,1.523833
111,105,192,4.208063
139,144,102,1.710911
106,105,166,1.063832
209,122,94,5.733320
87,156,127,4.898239
83,172,146,1.797953
86,155,151,1.896867
138,169,84,1.106406
155,93,101,2.075503
160,155,122,1.356731
147,114,109,2.328869
164,77,122,15.053440
99,176,112,2.526746
137,111,126,1.033002
108,167,127,1.197103
100,185,102,1.823383
106,140,142,3.819112
161,156,107,4.340447
73,196,86,1.704690
110,101,129,35.400736
127,78,143,3.486544
176,93,138,1.307275
157,102,89,4.520632
153,105,111,1.195752
96,143,95,1.392066
39,160,199,38.818369
123,168,92,1.021298
57,143,167,9.094878
137,153,95,1.242687
162,187,54,1.803137
100,154,100,1.451528
119,96,179,1.150463
89,182,148,3.556567
189,198,44,3.446588
95,112,212,5.184033
113,205,56,2.695643
95,140,162,1.345231
201,138,77,2.821193
109,148,152,11.036431
146,104,152,2.438406
87,168,102,3.189070
119,129,143,129.735340
152,131,57,5.854047
100,168,122,1.339863
86,169,95,4.763039
130,157,93,1.337392
124,84,124,5.605758
89,170,113,11.455541
74,80,184,6.931640
131,108,132,1.554671
132,92,140,1.929984
96,148,148,13.878480
160,72,143,10.704346
66,99,170,1.080028
167,116,105,1.012078
154,117,112,1.478013
113,144,103,1.060876
102,147,150,1.699541
143,127,170,1.892653
62,181,173,5.816591
193,165,72,2.848792
113,89,169,5.780113
215,159,44,15.107566
182,123,56,1.806006
69,127,203,2.412283
144,118,119,2.966100
123,136,123,1.000785
160,132,60,2.215144
136,102,154,1.042097
170,118,98,1.287081
87,146,150,1.460600
122,139,135,1.233882
161,8,186,34.426963
164,125,121,1.131861
126,120,122,4.784781
126,117,134,1.129274
98,146,118,1.012699
204,74,114,3.431497
57,189,121,1.668129
134,123,130,1.004740
82,101,178,5.838802
144,85,138,2.535375
114,153,121,6.411818
137,101,144,1.471229
138,131,72,1.381845
194,85,127,3.523360
148,142,67,2.092913
143,163,52,3.540437
115,176,108,1.021034
145,114,164,2.945708
125,100,133,1.105416
110,110,171,1.309632
170,124,81,4.448062
104,176,108,1.299726
57,148,192,30.946339
126,134,127,1.591143
155,167,104,3.569160
103,120,133,2.053704
133,135,100,4.552822
167,139,104,1.178414
130,131,84,4.069872
111,144,147,1.002068
157,156,87,2.298380
114,104,140,2.281922
112,184,52,3.120621
128,88,165,4.084300
179,112,112,2.288654
119,127,168,2.126565
87,163,141,1.685945
149,79,128,2.905524
194,144,73,1.996155
151,146,78,6.125612
97,166,87,1.657388
132,162,79,1.332207
136,138,104,2.029756
158,173,43,1.005496
67,150,171,1.133860
133,137,116,3.449739
143,104,119,2.262116
134,118,113,2.930360
67,196,130,1.441200
93,140,157,1.446282
127,130,121,1.197644
87,171,113,1.668705
164,77,146,1.799607
162,117,102,2.177790
133,102,130,3.684368
134,118,129,1.231506
89,87,183,1.415835
152,87,152,6.960734
140,166,113,1.469994
155,111,82,1.682524
106,149,95,1.368519
91,119,132,5.041873
149,167,79,1.086841
157,93,120,1.310429
97,120,137,2.411068
181,87,110,1.741059
174,155,79,1.361628
135,117,118,2.548998
88,194,102,1.057123
169,79,113,3.287008
103,169,82,1.939796
108,155,99,3.029679
119,160,115,2.863352
187,124,96,1.634663
179,132,62,1.353359
118,156,70,7.683029
143,98,149,1.136579
182,73,172,2.385587
199,89,137,2.857829
217,64,139,4.418132
222,58,123,21.601538
144,86,143,1.006554
162,71,163,1.809932
171,146,51,5.051526
135,136,118,1.074203
75,143,174,1.776199
147,116,144,49.268365
154,137,83,1.665900
113,172,116,4.484144
100,186,89,4.541904
90,171,118,2.411928
121,149,124,1.041052
138,135,95,1.477891
99,220,49,91.903318
151,159,94,4.033917
163,114,102,5.571496
159,109,102,1.068514
162,153,52,6.274431
168,101,95,1.161921
70,195,167,1.615428
64,137,166,2.806309
157,138,84,6.433309
101,152,109,2.320686
132,142,105,1.014338
64,149,163,2.057423
148,167,118,1.635149
125,156,129,1.065840
179,68,110,1.571685
63,151,147,1.010551
45,165,171,4.750233
153,113,111,5.364318
82,179,98,2.107690
134,169,85,1.687710
119,96,138,1.795503
136,87,174,1.370422
91,105,194,2.065463
114,102,143,1.563081
149,28,162,6.809299
105,98,184,1.571682
143,116,140,1.092175
175,169,56,2.291528
101,147,121,2.912412
162,123,112,1.929076
143,61,217,1.126786
99,139,148,3.700291
187,126,95,2.881255
140,94,133,2.549694
173,92,75,1.321222
83,190,116,2.169221
211,122,89,1.389908
144,151,99,2.038487
188,45,158,7.035070
164,94,99,2.747457
116,43,204,251.825737
168,94,141,2.460515
120,55,168,1.189666
199,80,91,7.590363
141,111,121,1.592648
161,128,98,1.075825
160,149,72,1.124816
95,160,126,1.679365
104,108,157,2.398599
118,115,185,1.297754
172,91,84,2.321532
169,136,90,1.512990
148,115,121,2.455066
187,112,145,1.309158
195,130,103,1.358941
136,142,118,3.976728
160,122,85,4.919323
114,129,154,1.621140
114,137,131,1.347620
115,66,184,1.867804
126,74,156,1.079488
156,127,100,1.435274
76,140,153,5.757881
138,84,165,1.656005
76,181,144,5.672568
161,83,107,3.300668
88,142,130,13.145441
150,68,142,1.219945
150,100,150,1.349167
136,96,167,1.554506
157,96,118,1.270918
150,107,138,16.858573
130,122,149,3.982255
107,171,105,2.180530
136,63,178,1.467319
121,94,159,1.102327
137,142,87,3.840275
133,76,143,2.701476
129,204,54,8.966117
129,106,144,1.307231
93,189,120,277.085065
158,116,102,7.186180
73,166,155,1.357329
188,82,62,8.242528
101,132,135,1.049665
108,113,161,1.782445
114,172,136,1.203821
150,73,138,1.852507
179,68,108,8.021691
101,131,168,15.176580
114,142,141,1.259870
72,212,94,2.557630
148,142,106,1.223463
126,122,138,1.180137
125,147,108,1.030295
134,54,163,3.942767
114,152,124,2.557368
174,113,123,1.264294
118,185,102,1.171760
139,96,111,7.227052
178,161,51,2.264759
121,106,173,1.260737
171,91,118,2.176151
121,127,165,1.632946
154,100,91,3.024877
146,105,144,2.808129
147,156,88,1.202286
102,133,146,1.465064
194,111,81,4.704045
123,128,100,5.441644
33,190,185,3.588255
151,175,65,2.814357
105,129,108,1.297451
87,103,160,1.362025
124,107,128,1.482094
108,174,77,1.148505
104,139,142,1.279304
159,117,122,1.183974
219,26,158,59.021425
120,189,90,1.144018
72,159,156,1.287074
124,167,117,3.727963
151,125,133,1.005745
141,132,139,1.135546
91,111,161,1.711719
120,183,125,1.389561
103,165,131,1.957395
109,124,130,1.036593
96,111,174,1.385220
69,151,181,15.539774
141,104,148,1.434374
162,71,165,2.696930
132,133,96,1.024078
163,169,99,1.147481
117,142,131,1.086022
113,94,138,1.272697
97,170,83,5.953267
205,151,49,8.146507
119,102,178,1.144879
123,136,101,1.260308
199,80,138,6.987778
174,159,52,7.143163
157,115,90,2.458585
123,108,130,1.225077
156,157,57,10.885657
99,172,134,3.758989
138,117,111,1.180890
127,147,127,1.067697
156,109,119,1.087743
145,124,135,1.182817
162,124,97,4.416629
128,134,141,1.034721
93,129,129,2.343556
91,177,155,3.306649
108,177,100,5.189521
175,43,130,3.812719
157,109,118,1.225879
177,122,62,1.484001
92,138,129,3.499293
117,132,109,1.001093
176,78,144,1.745688
107,199,107,11.207872
101,209,102,31.517902
153,92,136,1.082154
179,123,82,9.650181
127,156,94,10.950144
164,62,155,7.657320
145,177,113,1.128079
136,141,99,1.651209
90,157,115,2.798205
163,168,37,33.133428
63,158,113,2.289105
92,124,174,1.736376
120,127,121,5.873163
187,132,69,20.546960
170,73,98,2.518156
124,125,106,5.243234
92,124,153,1.237867
142,130,131,1.232617
178,143,49,8.831582
77,139,175,1.219265
95,159,174,1.546023
123,192,64,3.608819
169,83,118,1.654044
173,116,91,74.172971
154,120,128,3.803236
161,152,100,1.135659
64,154,165,3.133539
103,164,136,1.613127
121,91,119,1.373311
189,107,91,1.859635
127,189,94,6.932601
101,107,153,1.267745
138,107,150,1.014465
125,109,104,1.854496
228,48,134,6.893984
114,199,99,3.263644
80,105,195,2.540128
132,162,134,1.050654
76,149,203,25.569562
123,131,111,2.999931
110,81,152,1.502533
206,80,65,4.542151
131,143,143,3.478442
109,134,115,1.052564
211,128,54,1.602379
106,186,76,6.241808
94,129,155,2.023190
123,147,112,1.119304
158,74,190,8.947985
163,159,57,12.194676
117,139,90,2.245470
185,102,93,4.235099
211,124,74,3.056739
135,130,117,3.464583
128,182,74,2.391664
122,110,120,1.001632
90,119,150,6.590611
155,93,152,3.122512
136,139,146,1.356909
137,125,100,1.282204
114,97,144,1.508682
153,124,122,1.484281
188,137,102,1.289905
125,154,100,1.089796
112,142,108,1.795951
128,165,89,5.932007
176,102,132,5.668774
83,177,114,2.976917
141,173,67,3.581957
100,162,102,2.854965
101,145,152,1.525530
161,128,99,6.849221
116,101,145,3.819958
145,160,78,1.488538
143,130,126,1.119700
103,134,177,1.577215
102,136,121,1.230698
124,141,129,1.075182
155,140,103,1.105945
100,118,176,1.628813
142,106,121,3.475299
155,60,157,7.284382
145,112,135,3.356200
183,100,72,1.430713
82,104,209,6.312494
90,133,134,1.350443
97,156,151,1.078502
139,101,77,3.756391
117,116,150,1.863124
172,115,161,1.353449
99,171,109,1.160866
129,157,68,35.549236
65,172,159,8.429003
142,116,134,1.588585
154,54,153,1.703047
125,126,141,1.033461
119,152,127,1.144964
146,179,57,2.912429
125,120,149,3.131900
136,122,150,1.108983
59,94,192,2.189827
110,127,146,10.118897
123,176,85,7.594571
103,115,153,7.835947
83,166,123,1.008055
150,146,81,1.078736
182,36,176,2.804742
142,123,143,1.719439
86,189,98,3.164387
142,128,123,1.240355
163,93,148,2.451449
178,68,157,5.938665
139,140,135,1.521723
127,58,204,5.768210
123,135,121,1.139727
83,139,164,1.112303
90,147,137,1.648601
151,110,84,6.369751
140,104,122,3.932611
132,131,105,2.047770
115,161,95,1.035658
152,160,86,5.708707
129,182,56,4.095809
139,110,156,1.962670
108,166,130,3.555012
148,103,92,3.503167
156,101,102,1.092793